row_len	 combine2D	 combine2D_rev	elements	speedup of combine2d over combine 2d_rev	Ratio of number of cycles to number of elements for combine2d	Ratio of number of cycles to number of elements for combined2d_rev
100	30450	34644	10000	1.13773399014778	3.045	3.4644
124	41466	45600	15376	1.09969613659384	2.69680020811655	2.96566077003122
156	64590	72009	24336	1.11486298188574	2.65409270216963	2.95894970414201
196	103965	113889	38416	1.09545520126966	2.70629425239484	2.9646241149521
244	157278	181338	59536	1.15297753023309	2.64172937382424	3.04585460897608
300	237921	267975	90000	1.12631924042014	2.64356666666667	2.9775
364	348528	402063	132496	1.15360315383556	2.63047941069919	3.03452934428209
436	498981	570123	190096	1.14257456696748	2.62488952950088	2.99913201750694
516	895533	784236	266256	0.875719822720101	3.36342842978186	2.94542094826032
604	952404	1011627	364816	1.06218264517999	2.61064207710188	2.77297870707425
700	1278252	1390617	490000	1.0879052017912	2.60867755102041	2.83799387755102
804	1686762	1879242	646416	1.11411212725921	2.60940632657608	2.90717123338531
916	2185743	2590065	839056	1.18498149141962	2.605002526649	3.08687977918041
1036	2806191	3093033	1073296	1.10221756109973	2.61455460562603	2.88180800077518
1164	3546648	3967893	1354896	1.1187727115857	2.61765331066001	2.92855909235838
1300	4459221	5190510	1690000	1.16399478743036	2.63859230769231	3.07130769230769
1444	5738856	7070703	2085136	1.23207534742116	2.75226939633674	3.39100327268821
1596	6812457	9145299	2547216	1.34243768437731	2.67447165846948	3.59031154012852
1756	8280936	11593695	3083536	1.40004644402517	2.68553245365061	3.75987016204773
1924	9958416	14359320	3701776	1.44192811386871	2.69017250098331	3.87903536032434
2100	11885061	17513958	4410000	1.47361111566865	2.69502517006803	3.97141904761905
2284	14083134	20930343	5216656	1.48619923661878	2.69964782036615	4.01221452976773
2476	16566522	24761616	6130576	1.49467800181595	2.70227821986058	4.03903581001198
2676	19359831	28991007	7160976	1.49748244186636	2.70351848686548	4.04847146534215
2884	22509537	33564732	8317456	1.49113382474282	2.70630070059884	4.03545651458811
3100	26008002	38486901	9610000	1.47980998309674	2.70634776274714	4.00488043704475
3324	30093573	44240286	11048976	1.47009083966201	2.72365267152359	4.00401684282779
3556	34262685	48079422	12645136	1.40325902654739	2.70955448798653	3.8022067931891
3796	39132564	54135720	14409616	1.38339312496876	2.71572566541676	3.75691621483876
4044	44330508	62728872	16353936	1.41502714112818	2.71069349910627	3.83570487251509
4300	50378565	70198959	18490000	1.39342911017811	2.72463845321796	3.79659053542455
4564	56809281	83454945	20830096	1.46903716313537	2.72726928382855	4.00645993182173
4836	63833310	94379325	23386896	1.47852782504934	2.72944772149327	4.03556440324531
5116	71253939	107029653	26173456	1.502087526698	2.72237411062567	4.08924419457637
5404	79340952	121329564	29203216	1.52921739582858	2.71685666400577	4.15466447257042
5700	88292154	138094992	32490000	1.56406867137934	2.71751782086796	4.25038448753463
6004	97995543	158001678	36048016	1.61233534876173	2.71847257835216	4.38308943271663
6316	108542541	176708874	39891856	1.62801489970647	2.7209198037815	4.42969798146268
6636	119633244	195959115	44036496	1.63799884085731	2.71668399774587	4.44992523928334
6964	131917761	218847498	48497296	1.65896916640361	2.72010548794308	4.5125711338628
7300	145413990	237973104	53290000	1.63652138284631	2.72872940514168	4.46562401951586
7644	159482610	273764616	58430736	1.71657973242349	2.7294301067849	4.68528440237344
7996	174726000	287667339	63936016	1.64639114384808	2.73282589268621	4.49930034739731
8356	190572552	321958965	69822736	1.689429887049	2.72937674627932	4.61109064818085
8724	207692283	353613474	76108176	1.70258359575161	2.7289089545386	4.64619562029709
9100	225851025	370926906	82810000	1.6423521035603	2.72733999516967	4.47925257819104
9484	245463246	401958420	89946256	1.63755033207701	2.72899903693601	4.4688732791724
9876	269329755	439033644	97535376	1.6300970681832	2.76135455714038	4.50127596780885
10276	288447825	478809834	105596176	1.65995300536588	2.73161241179794	4.53434823245872
10684	311790471	513137967	114147856	1.64577822200346	2.73146147396759	4.49537980809732
11100	343764198	552663195	123210000	1.60768107387378	2.79006734842951	4.48553847090334
11524	364877961	607395531	132802576	1.66465392794716	2.74752171222944	4.57367281038284
11956	392468214	649553394	142945936	1.65504713714217	2.74557098286446	4.54404939501043
12396	420066027	709599747	153660816	1.68925764377513	2.73372248003681	4.61796159536209
12844	449635479	745160448	164968336	1.65725456019897	2.72558655741063	4.51699075148579
13300	482844030	797557380	176890000	1.65179091061766	2.72962875233196	4.50877596246255
13764	517135995	854568558	189447696	1.65250256463003	2.72970326860032	4.51084165204099
14236	551253867	913326072	202663696	1.65681571899068	2.72004250332038	4.50660917582397
14716	589856037	979612662	216560656	1.66076567933813	2.72374515248975	4.52350246851857
15204	631357884	1049728755	231161616	1.66265248538498	2.7312401380686	4.54110320374296
15700	671817345	1118776176	246490000	1.6652981414167	2.72553590409347	4.53882987545134
16204	716841348	1197465207	262569616	1.67047452039555	2.73010014989701	4.56056273853103
16716	762513924	1285042548	279424656	1.6852709275903	2.72887129903096	4.59888746539246
17236	809382501	1358720604	297079696	1.67871260167015	2.72446253277437	4.5735895865465
17764	858880356	1432562787	315559696	1.66794219589766	2.72176823240443	4.53975208228113
18300	912336228	1517847588	334890000	1.66369321026239	2.72428626713249	4.5323765654394
18844	968997138	1658297523	355096336	1.71135440752974	2.72882888321326	4.66999333668146
19396	1026708906	1735152372	376204816	1.69001394831575	2.72912217583094	4.61225454381211
19956	1086680901	1836162690	398241936	1.68969813338056	2.72869530495653	4.61067136334934
20524	1147438536	1976682882	421234576	1.72269173466212	2.72398943813197	4.69259409037685
21100	1211373510	2071151736	445210000	1.70975485174676	2.72090364097841	4.65207820129826
21684	1292868195	2237285781	470195856	1.7304824959361	2.74963757868593	4.75819970008413
22276	1355929338	2276510025	496220176	1.6789296913937	2.73251553157323	4.58770145815272
22876	1428778677	2649725568	523311376	1.85453885241598	2.73026489108848	5.06338231791086
23484	1560335139	2811333864	551498256	1.80175001750057	2.82926577196647	5.09762965415434
24100	1599748200	2943114231	580810000	1.83973592281585	2.75433997348531	5.06725819286858
24724	1666044699	3275343252	611276176	1.96593960172013	2.72551878252818	5.35820530980419
25356	1754070822	3336702987	642926736	1.90226240876379	2.72825926156538	5.18986503463748
25996	1844892438	3658606890	675792016	1.98310037736737	2.72997075182966	5.41380602815527

